Predictions for 2F4MA

Prediction	Score	Coverage Prot
(195, 233) 	0.9573239	8.52           
(426, 459) 	0.9568973	7.21           
(294, 457) 	0.9386831	35.81          
(237, 299) 	0.91654295	13.76          
(163, 467) 	0.89968944	64.63          
(366, 421) 	0.8298393	12.23          
(235, 668) 	0.8071116	48.91          
(164, 240) 	0.80606073	16.81          
(299, 359) 	0.77313286	13.32          
(165, 199) 	0.7638038	7.64           
(366, 463) 	0.6391492	20.31          
(406, 431) 	0.59574527	5.68           
(174, 314) 	0.5171043	30.79          
