Predictions for 1F5NA

Prediction	Score	Coverage Prot
(398, 500) 	0.97955406	17.67          
(6, 125) 	0.97791296	20.58          
(117, 258) 	0.96841687	24.36          
(305, 393) 	0.9415123	15.27          
(300, 552) 	0.9233011	43.4           
(6, 302) 	0.9221859	50.94          
(505, 577) 	0.89115363	12.52          
(7, 38) 	0.77658683	5.49           
(103, 176) 	0.7692023	12.69          
(228, 264) 	0.75009435	6.35           
(6, 594) 	0.7127852	99.14          
(265, 317) 	0.6904456	9.09           
(39, 102) 	0.6831001	10.98          
(167, 230) 	0.60091686	10.98          
(537, 578) 	0.559403	7.2            
(443, 572) 	0.51403934	22.3           
