Predictions for 1B89A

Prediction	Score	Coverage Prot
(1182, 1236) 	0.9655934	3.63           
(1459, 1492) 	0.9565353	2.24           
(1291, 1345) 	0.88533825	3.63           
(1213, 1261) 	0.87825584	3.23           
(1381, 1435) 	0.8459039	3.63           
(1409, 1460) 	0.8253897	3.43           
(1332, 1375) 	0.81610113	2.9            
(1251, 1299) 	0.80869603	3.23           
(1345, 1402) 	0.6724596	3.82           
(1437, 1488) 	0.6713899	3.43           
(1371, 1408) 	0.61691445	2.5            
(1224, 1288) 	0.60301983	4.28           
(1266, 1329) 	0.5811543	4.22           
