Predictions for 1B89A

Prediction	Score	Coverage Prot
(1182, 1256) 	0.95142925	4.94           
(1182, 1338) 	0.93478936	10.35          
(1188, 1479) 	0.9156247	19.25          
(1389, 1488) 	0.9132113	6.59           
(1443, 1492) 	0.8314893	3.3            
(1347, 1449) 	0.7858767	6.79           
(1252, 1342) 	0.72458005	6.0            
(1221, 1298) 	0.6998005	5.14           
(1390, 1445) 	0.63901335	3.69           
(1290, 1342) 	0.6085867	3.49           
(1342, 1391) 	0.5956204	3.3            
(1295, 1384) 	0.57425535	5.93           
