Predictions for 1U4B

Prediction	Score	Coverage Prot
(19, 119) 	0.98404676	0.13           
(521, 599) 	0.97955745	0.1            
(19, 217) 	0.96257	0.3            
(201, 366) 	0.9502767	0.24           
(226, 306) 	0.9459403	0.1            
(373, 551) 	0.9423565	0.26           
(382, 472) 	0.9359157	0.12           
(119, 189) 	0.8735135	0.09           
(304, 370) 	0.8715179	0.08           
(30, 78) 	0.767903	0.06           
(466, 522) 	0.757513	0.07           
(19, 495) 	0.7539833	1.25           
(565, 600) 	0.750516	0.04           
(81, 132) 	0.7264279	0.06           
(183, 599) 	0.6801689	0.95           
(447, 599) 	0.63733625	0.22           
(21, 57) 	0.5029242	0.05           
